0 0.511417 0.063948 0.0866165 0.0960407 0.906051
0 0.436607 0.0898745 0.0462406 0.0600795 0.590792
0 0.347501 0.642258 0.0155393 0.019865 0.576093
0 0.604984 0.752354 0.019084 0.0220882 0.564036
0 0.605303 0.559475 0.0185133 0.021616 0.543844
0 0.365783 0.69165 0.0191505 0.0218706 0.532269
0 0.617571 0.366871 0.0187689 0.0226693 0.513919
0 0.523058 0.765599 0.0151084 0.019524 0.476811
0 0.576167 0.443589 0.019403 0.0242395 0.470211
0 0.535591 0.654842 0.0138901 0.0179268 0.419282
0 0.595474 0.59643 0.0165805 0.0185122 0.404414
0 0.590962 0.681772 0.0172105 0.0217567 0.3601
0 0.616821 0.320132 0.0193321 0.0236841 0.337444
0 0.0157516 0.624884 0.0315033 0.286716 0.33679
0 0.643326 0.720364 0.01691 0.0205917 0.288167
0 0.523124 0.672117 0.0156019 0.0191424 0.271954
0 0.513278 0.43139 0.0215658 0.0255951 0.254499
0 0.564715 0.372428 0.0135637 0.0205985 0.200714
0 0.0168593 0.553568 0.0337185 0.288105 0.200251
0 0.375027 0.647964 0.0174004 0.0213873 0.196116
0 0.606428 0.436182 0.0191703 0.0216445 0.196059
0 0.622176 0.512685 0.0179462 0.019833 0.176607
0 0.282626 0.222622 0.037614 0.0371672 0.169673
0 0.555504 0.700995 0.0155203 0.0186982 0.139315
0 0.530519 0.272358 0.0241006 0.0258364 0.121553
0 0.536245 0.608264 0.0132254 0.0178885 0.0984373
0 0.513583 0.599138 0.0167778 0.0183007 0.0866134
0 0.478777 0.607614 0.0183546 0.0218068 0.0851857
0 0.62233 0.837267 0.0144318 0.01565 0.0764313
0 0.536017 0.611565 0.0136716 0.0157008 0.0746022
0 0.570085 0.742933 0.0151785 0.0153095 0.0742074
0 0.575719 0.525349 0.0194953 0.0202394 0.0739268
0 0.513737 0.602564 0.0163849 0.0183299 0.0674363
0 0.413368 0.710975 0.0198915 0.0204007 0.062816
0 0.621025 0.516194 0.0171751 0.0187891 0.0624722
0 0.524809 0.669978 0.0169929 0.0184387 0.0533284
0 0.517896 0.324199 0.019733 0.0219702 0.0403952
0 0.0870729 0.308063 0.172723 0.148066 0.0382414
0 0.480126 0.610007 0.0183641 0.0194807 0.036889
0 0.0144849 0.666912 0.0289699 0.269345 0.0328738
0 0.0309672 0.570306 0.0619344 0.26851 0.027721
0 0.348124 0.645181 0.0178562 0.0252447 0.0254464
0 0.602185 0.436353 0.0238913 0.024345 0.0234475
0 0.261934 0.226394 0.0325624 0.0367663 0.0230005
0 0.575587 0.531447 0.0200745 0.0191504 0.022776
0 0.599644 0.592358 0.0187753 0.0190157 0.0227657
0 0.154057 0.672911 0.181338 0.119506 0.022747
0 0.40039 0.498562 0.0215613 0.0260905 0.0223181
0 0.017042 0.499676 0.0340839 0.288088 0.0221549
0 0.617444 0.549371 0.0235474 0.0228332 0.0217126
0 0.329834 0.352872 0.017359 0.0215358 0.0187016
0 0.0135223 0.609192 0.0270446 0.138883 0.0184038
0 0.437006 0.852017 0.0186489 0.024748 0.0181684
0 0.494425 0.595269 0.0227977 0.0231615 0.0178379
0 0.00755414 0.012057 0.0150512 0.0205381 0.0173133
0 0.490719 0.0954966 0.0882446 0.0656018 0.0172523
0 0.609497 0.435053 0.0221925 0.0247276 0.0168122
0 0.257005 0.228063 0.0363997 0.0355634 0.0162384
0 0.277781 0.224927 0.0396748 0.038547 0.0160391
0 0.713179 0.996536 0.0128023 0.00692825 0.0158584
0 0.537279 0.611243 0.016123 0.0191395 0.0155127
0 0.0288073 0.621106 0.0576146 0.278643 0.015319
0 0.0153745 0.522067 0.030749 0.130889 0.0143333
0 0.516559 0.32129 0.0206676 0.0235387 0.0135741
0 0.61171 0.431988 0.0191687 0.0232975 0.0127689
0 0.314365 0.190044 0.0386659 0.0428839 0.011048
0 0.0328721 0.521115 0.0657066 0.270876 0.0106205
0 0.598841 0.438629 0.0208908 0.0240805 0.0103278
0 0.0176516 0.844713 0.0350504 0.0496796 0.0102312
