0 0.511699 0.0635928 0.0857772 0.0940542 0.903786
0 0.491635 0.778594 0.0163893 0.0207352 0.732078
0 0.364625 0.56727 0.0187371 0.0213757 0.624568
0 0.453839 0.746736 0.0168473 0.020798 0.588155
0 0.40195 0.535801 0.0169544 0.0219078 0.536862
0 0.533003 0.692189 0.0150362 0.018362 0.534577
0 0.564476 0.622039 0.017342 0.0203876 0.534536
0 0.421011 0.745786 0.0164529 0.0216373 0.530721
0 0.460464 0.775387 0.0173235 0.0220158 0.506489
0 0.0161346 0.622869 0.0322692 0.285231 0.501423
0 0.283806 0.222194 0.0368896 0.0372525 0.480649
0 0.570866 0.456275 0.0169798 0.021284 0.413626
0 0.52303 0.713089 0.0152 0.0168839 0.403769
0 0.514145 0.783401 0.0173254 0.0208853 0.330878
0 0.668074 0.591429 0.0193686 0.0199627 0.260238
0 0.367012 0.382374 0.0185564 0.023811 0.219042
0 0.250924 0.226606 0.0472246 0.0379926 0.214817
0 0.628448 0.818704 0.0144966 0.0212818 0.214794
0 0.374328 0.467346 0.0183127 0.0234364 0.21088
0 0.661345 0.701767 0.0170172 0.0195896 0.15845
0 0.0129306 0.667706 0.0258612 0.266207 0.122694
0 0.433001 0.0967985 0.0410973 0.0589466 0.0952968
0 0.0157281 0.552199 0.0314562 0.293013 0.094619
0 0.647509 0.362289 0.0167206 0.0221772 0.0824187
0 0.527118 0.704695 0.0160204 0.0126889 0.076385
0 0.521418 0.62551 0.0176869 0.0148758 0.0730869
0 0.312948 0.189505 0.0393019 0.0409301 0.0573114
0 0.279274 0.189941 0.0421618 0.036564 0.0472092
0 0.62627 0.819773 0.0203636 0.0257648 0.0422651
0 0.470318 0.464566 0.0179783 0.0191794 0.0406922
0 0.536168 0.691734 0.0174641 0.0171486 0.0392168
0 0.028518 0.639971 0.0555419 0.260368 0.0375895
0 0.271744 0.225192 0.0400787 0.0391227 0.0366777
0 0.0157318 0.509659 0.0314636 0.116338 0.0316732
0 0.634137 0.821165 0.02361 0.0255665 0.0315709
0 0.521572 0.620425 0.0164867 0.0170174 0.0312706
0 0.64473 0.860871 0.0134008 0.0128536 0.0294704
0 0.633473 0.817566 0.0216446 0.0244705 0.025673
0 0.364787 0.569467 0.0220682 0.0263259 0.0252685
0 0.163348 0.541508 0.204104 0.322784 0.0217929
0 0.512736 0.785724 0.0200518 0.0198633 0.0198946
0 0.566307 0.365631 0.0106943 0.0112801 0.0190315
0 0.34475 0.218144 0.0359717 0.0306621 0.0174622
0 0.642498 0.816113 0.0170593 0.0222977 0.0172856
0 0.379618 0.468288 0.0242637 0.0242601 0.0164393
0 0.305599 0.220512 0.0293933 0.0354858 0.0160057
0 0.836872 0.993685 0.0216118 0.0111107 0.0149686
0 0.0175033 0.847165 0.0349895 0.0552525 0.0147339
0 0.015672 0.702613 0.0313441 0.243909 0.0147309
0 0.0169608 0.482475 0.0339216 0.268503 0.0146973
0 0.637123 0.81927 0.0220124 0.0245823 0.0145775
0 0.348104 0.194207 0.0388352 0.0428261 0.0140539
0 0.0813239 0.311622 0.162648 0.149611 0.01287
0 0.104933 0.387366 0.0651413 0.0589198 0.0128321
0 0.671768 0.58984 0.0241451 0.0227044 0.010949
0 0.374945 0.469312 0.0229738 0.0276968 0.0106964
0 0.894804 0.124495 0.0115852 0.0127868 0.010241
0 0.644248 0.81351 0.0147894 0.018722 0.0102268
