0 0.511853 0.0635326 0.0854927 0.0941662 0.899585
0 0.014269 0.624281 0.0285381 0.286457 0.350354
0 0.449898 0.817937 0.13121 0.139736 0.201053
0 0.0152211 0.577131 0.0304423 0.286122 0.149144
0 0.69903 0.785756 0.0180823 0.0188665 0.12063
0 0.682785 0.301847 0.0176062 0.0263726 0.0886197
0 0.996562 0.0516446 0.00687532 0.0235407 0.0748701
0 0.995922 0.00373097 0.00815582 0.00746194 0.067356
0 0.424935 0.00528557 0.0907867 0.010466 0.0672798
0 0.281558 0.222701 0.0385875 0.03642 0.0665
0 0.43449 0.0876887 0.0450141 0.0508228 0.0447221
0 0.272589 0.224665 0.0461812 0.038341 0.0439682
0 0.0130767 0.669823 0.0261535 0.27849 0.0316385
0 0.854566 0.99674 0.0302826 0.00651989 0.0261882
0 0.566099 0.365647 0.0111696 0.0113108 0.0258065
0 0.616702 0.00578044 0.0306122 0.0115609 0.0211757
0 0.435241 0.00591725 0.121486 0.0116379 0.020986
0 0.838525 0.99657 0.0326851 0.00686064 0.0203228
0 0.847315 0.996725 0.0372562 0.00654898 0.0202882
0 0.177179 0.587215 0.226878 0.325859 0.0192433
0 0.26437 0.225793 0.0369704 0.0371662 0.0188241
0 0.0186892 0.526594 0.0373784 0.295949 0.0187701
0 0.349465 0.0051785 0.0630949 0.010357 0.0177356
0 0.874052 0.993053 0.0237659 0.0124834 0.0175418
0 0.890389 0.342344 0.0156948 0.0176672 0.0153359
0 0.247441 0.227494 0.0524548 0.0369447 0.0133731
0 0.0997185 0.314544 0.199437 0.154225 0.0132798
0 0.677986 0.29859 0.0220248 0.0303179 0.0123782
0 0.5386 0.435907 0.0204494 0.0215286 0.0123697
0 0.561295 0.28384 0.179486 0.127107 0.0118191
0 0.611815 0.00624612 0.0404425 0.0124922 0.01092
0 0.0133561 0.597443 0.0267122 0.13962 0.0101198
