0 0.510368 0.0636258 0.0879339 0.0927064 0.905817
0 0.0766612 0.305561 0.153322 0.143844 0.758988
0 0.656616 0.552449 0.012409 0.0168009 0.556927
0 0.534796 0.410287 0.0122225 0.0168335 0.536518
0 0.616395 0.582153 0.0206941 0.0240034 0.473082
0 0.56688 0.590297 0.0187469 0.0223619 0.433808
0 0.411625 0.691504 0.0135554 0.0169088 0.430214
0 0.635225 0.456033 0.0155594 0.0183267 0.42607
0 0.664534 0.515374 0.0191483 0.0214643 0.358095
0 0.468259 0.663204 0.0137775 0.0159283 0.342339
0 0.502741 0.454974 0.0167554 0.0186331 0.318431
0 0.519784 0.470965 0.0138789 0.0191776 0.317884
0 0.514531 0.434349 0.0181072 0.0222208 0.31422
0 0.546157 0.580118 0.0171023 0.0210535 0.308063
0 0.526607 0.642741 0.0137347 0.0182659 0.291108
0 0.68838 0.465596 0.0190919 0.0219307 0.282322
0 0.663225 0.407644 0.0172857 0.0185145 0.235339
0 0.502939 0.481813 0.015843 0.0183565 0.209637
0 0.279685 0.22356 0.0348322 0.0379942 0.199904
0 0.507998 0.467769 0.0152807 0.0173568 0.187969
0 0.495581 0.571312 0.0187997 0.0220346 0.17071
0 0.0146305 0.623619 0.0292609 0.281124 0.166893
0 0.541074 0.650993 0.0162104 0.0200528 0.151021
0 0.655083 0.614738 0.0128189 0.0152298 0.150708
0 0.447092 0.704185 0.0146894 0.0177723 0.133036
0 0.621235 0.482791 0.0175787 0.0188645 0.13025
0 0.392213 0.496645 0.0249756 0.0262901 0.129822
0 0.621644 0.479202 0.0183897 0.0187381 0.127881
0 0.540479 0.64774 0.0171363 0.0209366 0.122869
0 0.565111 0.366334 0.0115517 0.0123598 0.110732
0 0.256051 0.226224 0.0421574 0.0389784 0.0956923
0 0.615572 0.578584 0.0211444 0.024342 0.0853249
0 0.247345 0.227127 0.0521292 0.0393495 0.0767169
0 0.455686 0.785524 0.0150438 0.0178411 0.0762876
0 0.563246 0.569613 0.0178482 0.0205038 0.0662306
0 0.837345 0.503934 0.0196215 0.0199453 0.060807
0 0.588636 0.683007 0.0158496 0.0185596 0.0603205
0 0.559769 0.568074 0.0192255 0.0193277 0.0569067
0 0.524639 0.897091 0.0210239 0.0138792 0.0530034
0 0.504055 0.44847 0.0163517 0.0165232 0.0508508
0 0.518934 0.420046 0.0160429 0.0175335 0.0477892
0 0.573252 0.374059 0.0183718 0.0231229 0.0457248
0 0.603006 0.551788 0.0135317 0.0137379 0.0429026
0 0.538746 0.639683 0.0166633 0.0146328 0.0428033
0 0.638121 0.64694 0.0185963 0.0194412 0.0361906
0 0.0156737 0.521973 0.0313473 0.279243 0.0359312
0 0.621955 0.47635 0.0174613 0.0172365 0.0343524
0 0.557948 0.00404176 0.0809361 0.00794992 0.0300446
0 0.548983 0.585724 0.0178312 0.0231387 0.0269356
0 0.509578 0.890493 0.0150751 0.0178871 0.0269302
0 0.406344 0.426062 0.0206566 0.0227654 0.0260932
0 0.39087 0.810256 0.0196022 0.0228294 0.0252261
0 0.523357 0.900139 0.0221842 0.0168541 0.023515
0 0.549739 0.582543 0.0191022 0.0212059 0.0232247
0 0.41687 0.0406214 0.0988735 0.0812428 0.0228524
0 0.0126474 0.667087 0.0252949 0.26647 0.0223668
0 0.601126 0.653624 0.0205923 0.0236135 0.021749
0 0.534195 0.652499 0.0164498 0.0173146 0.0216859
0 0.0160121 0.576974 0.0320243 0.284622 0.0177252
0 0.430588 0.996649 0.0313498 0.00640144 0.0176237
0 0.540286 0.653484 0.0186272 0.019898 0.0173441
0 0.539439 0.635237 0.017783 0.0186158 0.0171906
0 0.104678 0.389725 0.0659888 0.0612829 0.0169725
0 0.539747 0.40682 0.0164632 0.0180268 0.0167507
0 0.53353 0.637294 0.0182249 0.0176218 0.0165131
0 0.420348 0.996683 0.0226625 0.00645466 0.0160502
0 0.639468 0.627828 0.0163815 0.0143211 0.0158064
0 0.00764251 0.995556 0.015285 0.0088891 0.0157092
0 0.513519 0.338547 0.0152043 0.0145952 0.0157086
0 0.922832 0.0803309 0.0345055 0.0237913 0.0155628
0 0.996476 0.33305 0.0070488 0.0166154 0.0152999
0 0.51621 0.454558 0.0160063 0.0182644 0.0149391
0 0.563469 0.433809 0.0178717 0.0197834 0.0141242
0 0.83651 0.521565 0.0187113 0.0179531 0.0131898
0 0.863605 0.590838 0.0209877 0.0192539 0.0127719
0 0.372465 0.572015 0.0220771 0.0270594 0.0126069
0 0.557989 0.590303 0.0187643 0.0211482 0.0125384
0 0.576644 0.431805 0.0152519 0.0166988 0.0122501
0 0.559916 0.432649 0.0178686 0.0195641 0.012208
0 0.614771 0.585179 0.022748 0.0234608 0.0113225
0 0.513843 0.334832 0.0158731 0.0203511 0.0113182
0 0.572806 0.416198 0.0180015 0.0191716 0.0105527
0 0.562707 0.368779 0.015582 0.0188416 0.0103769
0 0.536921 0.411221 0.0166784 0.0193571 0.0102381
0 0.358134 0.0263126 0.0351137 0.0494981 0.0101827
