0 0.511592 0.0645126 0.0863556 0.0934876 0.896827
0 0.430622 0.609444 0.013056 0.0222086 0.516366
0 0.702623 0.476396 0.0194192 0.0211621 0.494569
0 0.427328 0.57082 0.0161262 0.0182384 0.388355
0 0.418923 0.39013 0.0125515 0.0175913 0.372779
0 0.617163 0.322914 0.0123769 0.017194 0.366905
0 0.677993 0.407202 0.0133503 0.0143638 0.314916
0 0.384676 0.639929 0.0117358 0.0157873 0.311201
0 0.694046 0.377156 0.016519 0.0221862 0.299106
0 0.0743057 0.307759 0.14592 0.151725 0.285641
0 0.555288 0.437293 0.0177924 0.022717 0.21749
0 0.540371 0.382913 0.0178965 0.0219344 0.215614
0 0.536571 0.414734 0.0180193 0.0210713 0.199258
0 0.473248 0.103685 0.117942 0.0808699 0.174732
0 0.0156678 0.624561 0.0313356 0.281568 0.14474
0 0.730771 0.56354 0.0125612 0.0171828 0.136221
0 0.565643 0.365859 0.0103615 0.0107848 0.134236
0 0.618498 0.754095 0.0133139 0.0173502 0.133162
0 0.415801 0.585417 0.0154308 0.017222 0.13051
0 0.996474 0.456074 0.00705185 0.0205841 0.115446
0 0.481547 0.768285 0.0177654 0.0224835 0.11148
0 0.282727 0.222937 0.033955 0.0358004 0.104783
0 0.441168 0.0925543 0.054788 0.0626107 0.103977
0 0.632859 0.377122 0.0175749 0.0222987 0.0951468
0 0.255365 0.226805 0.0384246 0.0369781 0.0858571
0 0.410103 0.245857 0.0234581 0.0258156 0.0776355
0 0.314582 0.190277 0.0353336 0.0400358 0.0766505
0 0.408102 0.517039 0.0186059 0.0220476 0.0751374
0 0.996497 0.151405 0.00700598 0.0202133 0.0692671
0 0.439255 0.674009 0.0224235 0.0256471 0.0678322
0 0.834256 0.62474 0.0230648 0.0207682 0.0627845
0 0.0155399 0.503811 0.0310798 0.277056 0.0601687
0 0.581463 0.573981 0.0174435 0.0178003 0.0558293
0 0.557319 0.0053026 0.0860319 0.0106052 0.0534582
0 0.489767 0.0175118 0.123839 0.0350237 0.0473669
0 0.358124 0.580388 0.0159351 0.0182167 0.0468098
0 0.969289 0.0683439 0.0243065 0.0162292 0.0466988
0 0.3733 0.577228 0.0168994 0.0201159 0.0454276
0 0.636933 0.551538 0.0216214 0.0212155 0.0453886
0 0.450452 0.364918 0.0131889 0.0173883 0.0421846
0 0.921233 0.914556 0.00891151 0.00958386 0.0403466
0 0.577717 0.374311 0.0168879 0.0182052 0.0391392
0 0.680438 0.392804 0.0156769 0.0166797 0.039032
0 0.863044 0.591086 0.0189934 0.0167944 0.0356523
0 0.289695 0.222924 0.0394694 0.036699 0.0330773
0 0.482724 0.00570071 0.10911 0.0114014 0.0328612
0 0.906343 0.214457 0.0139351 0.0124227 0.0298938
0 0.277942 0.225158 0.0361336 0.0381392 0.0279557
0 0.673261 0.406948 0.0169169 0.0162456 0.0275878
0 0.69103 0.521273 0.0194589 0.0203559 0.0264919
0 0.374074 0.55292 0.0135567 0.0183874 0.0251718
0 0.613699 0.750453 0.0200248 0.0199451 0.0240624
0 0.42602 0.609268 0.0189917 0.0235865 0.0237399
0 0.00665548 0.0635121 0.013311 0.0271014 0.0199677
0 0.986042 0.909696 0.00691471 0.00874577 0.0198601
0 0.66731 0.39319 0.0138199 0.017609 0.0195416
0 0.576582 0.996616 0.0190851 0.00676746 0.0191982
0 0.85682 0.612727 0.0187298 0.021836 0.0187876
0 0.465682 0.0943539 0.102873 0.0659348 0.0186619
0 0.933927 0.0812207 0.0144466 0.0153494 0.0173926
0 0.0128417 0.669008 0.0256833 0.26904 0.0172487
0 0.871364 0.471598 0.0174404 0.0218639 0.0166495
0 0.303695 0.221792 0.0326493 0.0355919 0.0160626
0 0.970572 0.033747 0.0124939 0.0135833 0.0150521
0 0.669858 0.489047 0.0187005 0.0182276 0.0144121
0 0.356244 0.00389627 0.041829 0.00779254 0.0139291
0 0.0166786 0.549071 0.0333573 0.282146 0.0138173
0 0.488132 0.00785349 0.119968 0.015707 0.0137133
0 0.465822 0.00530348 0.0823214 0.010607 0.0130488
0 0.55162 0.00672003 0.0844343 0.0130164 0.0123207
0 0.471859 0.0143415 0.0865284 0.0284985 0.012249
0 0.387488 0.641503 0.0171368 0.0185413 0.0119257
0 0.574614 0.373092 0.0204519 0.0224016 0.0114967
0 0.494397 0.0441845 0.141901 0.0881859 0.0112142
0 0.564695 0.424171 0.0182281 0.0200397 0.0111002
0 0.666386 0.00341283 0.0335739 0.00682566 0.0110365
0 0.437271 0.60903 0.0246443 0.0241169 0.0101856
