0 0.509941 0.0651666 0.0870401 0.095718 0.871466
0 0.441056 0.090258 0.0528048 0.0616187 0.801446
0 0.316012 0.188385 0.0318299 0.0343306 0.358985
0 0.0176663 0.625389 0.0353327 0.283354 0.264848
0 0.149236 0.673068 0.179945 0.124267 0.168958
0 0.165558 0.596506 0.206254 0.270633 0.140208
0 0.260733 0.226306 0.0340698 0.0354563 0.139958
0 0.282376 0.219279 0.027217 0.0322351 0.128988
0 0.148334 0.630097 0.183341 0.211288 0.122975
0 0.323864 0.187229 0.0423429 0.0353136 0.117122
0 0.283327 0.191187 0.0357966 0.0382566 0.104081
0 0.29021 0.187174 0.0276148 0.0390306 0.0965362
0 0.255902 0.228009 0.0374353 0.0374143 0.0894967
0 0.522265 0.842184 0.0378781 0.0292231 0.0837104
0 0.461329 0.180096 0.021331 0.0247504 0.0730008
0 0.643742 0.993188 0.0294508 0.0126835 0.0593776
0 0.0185051 0.576947 0.0370103 0.285802 0.055326
0 0.29711 0.216282 0.0262102 0.0311552 0.055269
0 0.270205 0.192766 0.0361909 0.0385393 0.046884
0 0.104456 0.390433 0.0650835 0.0644258 0.0431352
0 0.0160466 0.500679 0.0320933 0.278293 0.0423701
0 0.013803 0.670032 0.027606 0.271651 0.0411993
0 0.253113 0.232047 0.0377825 0.0350826 0.040737
0 0.994904 0.917714 0.00940781 0.0108929 0.0399564
0 0.995181 0.00512479 0.00963745 0.0102496 0.0379932
0 0.605401 0.996664 0.0353961 0.0066721 0.0369694
0 0.967081 0.0691091 0.0225239 0.0182368 0.0343023
0 0.297016 0.208758 0.0265796 0.0314203 0.0266348
0 0.28469 0.194087 0.0272508 0.0363442 0.0240187
0 0.26647 0.189752 0.0318398 0.0345696 0.0225534
0 0.163301 0.296445 0.0381451 0.0397561 0.0222212
0 0.33443 0.187025 0.0335643 0.0386415 0.0216986
0 0.278165 0.188857 0.0377856 0.0354145 0.0195141
0 0.931748 0.0818225 0.0165424 0.0169958 0.0194952
0 0.290971 0.216452 0.0303217 0.0287415 0.018452
0 0.987186 0.996407 0.0246494 0.00718517 0.0184075
0 0.760059 0.670912 0.0182024 0.0193535 0.0183555
0 0.222397 0.230728 0.0315501 0.0350116 0.0163382
0 0.863259 0.591273 0.0196747 0.0192339 0.0160143
0 0.540991 0.883472 0.132532 0.0580334 0.0135542
0 0.262474 0.182286 0.0273812 0.0270069 0.0134743
0 0.268103 0.19759 0.0300178 0.0328375 0.0116349
0 0.651619 0.00730931 0.0505894 0.0146186 0.0114838
0 0.645545 0.995622 0.0339296 0.00860977 0.0107474
