0 0.454843 0.0999616 0.0889643 0.0991814 0.672562
0 0.456207 0.330039 0.0084074 0.0089695 0.114605
0 0.379455 0.113649 0.0431368 0.0365859 0.11006
0 0.653389 0.466648 0.0133503 0.0153516 0.084344
0 0.568684 0.331852 0.00983143 0.00918484 0.0787673
0 0.570594 0.379777 0.00956621 0.0108605 0.077702
0 0.46856 0.878476 0.0238604 0.0185608 0.0708957
0 0.666606 0.446776 0.0109941 0.00973606 0.0690826
0 0.558245 0.354924 0.00786619 0.0100229 0.0690749
0 0.527447 0.315098 0.0090476 0.0140719 0.0680394
0 0.619716 0.403452 0.00991516 0.0123011 0.0614031
0 0.424191 0.629566 0.0163376 0.0176521 0.057563
0 0.451452 0.774042 0.0167408 0.0145674 0.0560418
0 0.581037 0.364118 0.00922451 0.0104901 0.0538676
0 0.566194 0.486042 0.0190832 0.0175285 0.0527853
0 0.509151 0.33775 0.0102705 0.00841866 0.0516077
0 0.486635 0.315106 0.00965805 0.00920506 0.0494657
0 0.0968465 0.689151 0.186594 0.165092 0.0490399
0 0.507814 0.455711 0.0145557 0.013819 0.0489391
0 0.449787 0.781503 0.016425 0.0120293 0.0485138
0 0.614193 0.367183 0.0112656 0.0130727 0.0450333
0 0.33418 0.493156 0.0154936 0.0173992 0.0449518
0 0.491429 0.33316 0.0102348 0.0101593 0.04418
0 0.43358 0.321937 0.00943861 0.0105684 0.0429649
0 0.478949 0.864147 0.0196949 0.0174828 0.0413748
0 0.462262 0.416246 0.0141621 0.0151653 0.0360113
0 0.405728 0.803692 0.0165174 0.0139544 0.0327774
0 0.54473 0.359125 0.00864372 0.00904393 0.0321879
0 0.378265 0.138659 0.0383907 0.0343045 0.0316826
0 0.466557 0.663918 0.0155115 0.0144344 0.0315896
0 0.558131 0.478215 0.0139345 0.0160664 0.0314937
0 0.603485 0.383361 0.00989704 0.010722 0.0305047
0 0.477296 0.869229 0.0249584 0.0261301 0.0300358
0 0.40845 0.600551 0.0187803 0.0180546 0.0287421
0 0.527694 0.357233 0.00938606 0.0114042 0.0280522
0 0.542943 0.371031 0.00838032 0.00908976 0.0271206
0 0.63583 0.361631 0.00923901 0.00919533 0.0270825
0 0.586613 0.466221 0.0158571 0.0189592 0.0269331
0 0.250275 0.543386 0.017025 0.0170648 0.0268397
0 0.632267 0.421353 0.0130234 0.0146362 0.0267076
0 0.506383 0.334117 0.0112849 0.0111786 0.0250892
0 0.653366 0.649194 0.0202542 0.0183918 0.0243722
0 0.428006 0.340045 0.0108873 0.0102691 0.0242514
0 0.476757 0.461281 0.0143658 0.014143 0.0239522
0 0.541106 0.443219 0.0117254 0.0132267 0.0234215
0 0.565603 0.322182 0.00892 0.0101462 0.0227834
0 0.469475 0.868481 0.0252923 0.0239897 0.0220803
0 0.470358 0.320511 0.00845966 0.00913701 0.0218808
0 0.428139 0.769589 0.0174786 0.016309 0.0215254
0 0.568952 0.479473 0.0161335 0.0156281 0.0206972
0 0.583172 0.378498 0.0100986 0.0136321 0.0205566
0 0.460287 0.644937 0.0186152 0.018041 0.0196592
0 0.542275 0.305289 0.00883713 0.00911179 0.0186951
0 0.481608 0.431866 0.0140279 0.015801 0.0171341
0 0.581444 0.355922 0.0083128 0.00944905 0.0166591
0 0.506505 0.419075 0.0124344 0.0108044 0.016495
0 0.530391 0.305907 0.00988493 0.00862217 0.0164722
0 0.46761 0.715031 0.0163543 0.0152252 0.0161234
0 0.619479 0.391914 0.00889511 0.00984993 0.0159634
0 0.411562 0.856953 0.0177715 0.0185427 0.0158294
0 0.491516 0.733404 0.0161533 0.0141713 0.0154825
0 0.555795 0.329291 0.00869923 0.00959806 0.01515
0 0.438914 0.637996 0.0128201 0.0134792 0.0150448
0 0.522604 0.455248 0.0159206 0.0149761 0.0143109
0 0.26036 0.647295 0.0220535 0.0173445 0.0139116
0 0.543681 0.341773 0.00823021 0.010752 0.0137339
0 0.624343 0.419261 0.0132362 0.0147417 0.0136045
0 0.528012 0.339292 0.00888128 0.010569 0.0131494
0 0.431884 0.796727 0.0129938 0.0101933 0.012991
0 0.460206 0.311987 0.011042 0.0112147 0.012514
0 0.438928 0.660733 0.0144041 0.0134779 0.0124934
0 0.50752 0.430607 0.0121527 0.0130761 0.0124042
0 0.510024 0.321717 0.0104801 0.0107053 0.0122727
0 0.314104 0.516878 0.0138272 0.0130479 0.0120723
0 0.452687 0.291611 0.0107242 0.010735 0.0117457
0 0.509281 0.33956 0.0105833 0.0104764 0.0116968
0 0.569984 0.4092 0.0105106 0.0103086 0.0114243
0 0.572397 0.35765 0.00965834 0.0110564 0.0113341
0 0.660414 0.431829 0.010051 0.00997887 0.0112706
0 0.583271 0.33024 0.00921974 0.00919948 0.0111894
0 0.450806 0.777461 0.0179189 0.0156531 0.0110531
0 0.514987 0.359173 0.0101673 0.0104896 0.0110008
0 0.540896 0.438518 0.0117487 0.0128517 0.0108386
0 0.318972 0.802399 0.0184339 0.0182686 0.0106955
0 0.471581 0.865384 0.022166 0.0200136 0.0102419
0 0.304313 0.480232 0.0103172 0.0111412 0.0100094
