0 0.455848 0.0967711 0.0865665 0.0945066 0.889813
0 0.454269 0.178549 0.0819472 0.0520433 0.67189
0 0.661255 0.775997 0.0227503 0.0275976 0.120271
0 0.362724 0.744717 0.0173839 0.015335 0.107471
0 0.407216 0.457703 0.00904722 0.00770321 0.0789726
0 0.100073 0.676214 0.196725 0.20223 0.0780574
0 0.687769 0.541075 0.0154692 0.0156302 0.0560324
0 0.473079 0.782842 0.0133881 0.0153322 0.0407918
0 0.680759 0.604553 0.0129879 0.0125926 0.0299528
0 0.483132 0.788587 0.0161296 0.0158842 0.0283096
0 0.68198 0.593054 0.00980053 0.010236 0.0250829
0 0.584476 0.814998 0.0275579 0.022522 0.0214373
0 0.45982 0.779148 0.0144292 0.0164566 0.0202787
0 0.365278 0.747152 0.0202856 0.0166771 0.0200232
0 0.685434 0.696508 0.011518 0.0102674 0.0183873
0 0.685051 0.641872 0.0143794 0.0133503 0.0172176
0 0.00480692 0.387436 0.00961384 0.079969 0.0141567
0 0.507765 0.88319 0.0153189 0.013769 0.0141046
