0 0.511002 0.0640658 0.087015 0.0950193 0.904634
0 0.566805 0.589999 0.017213 0.0214956 0.592005
0 0.534982 0.411172 0.01229 0.0163524 0.467408
0 0.502487 0.453672 0.0177782 0.0194195 0.428371
0 0.616309 0.582047 0.0243612 0.0260092 0.383358
0 0.546427 0.579938 0.0176594 0.0218372 0.382812
0 0.635462 0.455479 0.0161952 0.018302 0.23745
0 0.664509 0.515392 0.0202988 0.0216432 0.209461
0 0.502821 0.481925 0.0154253 0.0178518 0.156765
0 0.68818 0.466128 0.0194584 0.0229799 0.155782
0 0.519559 0.4709 0.0130709 0.0181848 0.151789
0 0.527368 0.643133 0.0117105 0.0173174 0.147701
0 0.656429 0.552184 0.0124943 0.0174704 0.140143
0 0.541256 0.650204 0.0158361 0.02065 0.12946
0 0.514749 0.435121 0.0180963 0.0228352 0.0749902
0 0.563294 0.588492 0.0209479 0.0226736 0.0731705
0 0.495398 0.5717 0.0191016 0.0219642 0.0723608
0 0.537215 0.41116 0.0172198 0.0200699 0.0691618
0 0.507386 0.467889 0.015316 0.0165833 0.06509
0 0.547977 0.582391 0.0211676 0.0267803 0.0429031
0 0.621525 0.480427 0.020545 0.0200042 0.0417154
0 0.521679 0.895669 0.0278427 0.0187511 0.0403247
0 0.524719 0.642634 0.0160387 0.0200007 0.0395507
0 0.468251 0.66311 0.0134266 0.014488 0.0374271
0 0.564642 0.365421 0.0131752 0.0153145 0.0257841
0 0.538434 0.648209 0.0191006 0.0218077 0.0249025
0 0.663386 0.40636 0.016884 0.0203602 0.0236359
0 0.391745 0.49492 0.0283319 0.0303261 0.0223467
0 0.446696 0.703869 0.0127289 0.0169056 0.0221696
0 0.0822496 0.311969 0.160332 0.148086 0.0210418
0 0.53742 0.643453 0.0157767 0.015864 0.018415
0 0.433707 0.0918733 0.0430719 0.0620136 0.0179037
0 0.560825 0.363939 0.0191395 0.0217429 0.0175856
0 0.517702 0.470456 0.0177242 0.0195803 0.0172093
0 0.51308 0.469253 0.0156872 0.0174824 0.0158421
0 0.0704872 0.213015 0.1383 0.0798599 0.013573
0 0.634936 0.454438 0.0204718 0.0240664 0.0102603
