0 0.511169 0.06418 0.0873428 0.0964909 0.908937
0 0.429566 0.609636 0.0104584 0.0203843 0.422986
0 0.617254 0.322911 0.0128054 0.0181573 0.350066
0 0.703053 0.476996 0.0189907 0.0196 0.320601
0 0.633219 0.377594 0.0183628 0.0255894 0.298516
0 0.384787 0.639933 0.0103865 0.0135811 0.159106
0 0.693953 0.377196 0.0184982 0.0235481 0.10469
0 0.409878 0.24494 0.0254705 0.0280276 0.0982715
0 0.667951 0.393351 0.0170646 0.0194384 0.0679373
0 0.678533 0.407317 0.0135223 0.0157995 0.0634416
0 0.582455 0.573301 0.0221975 0.0212484 0.059967
0 0.436241 0.0865584 0.0457653 0.0508331 0.0499843
0 0.565243 0.365343 0.011845 0.0130979 0.040844
0 0.69289 0.524513 0.0233012 0.0274324 0.0339591
0 0.584839 0.573225 0.0267956 0.0257287 0.0325765
0 0.418782 0.390367 0.0122845 0.0173182 0.028266
0 0.67104 0.488786 0.0218027 0.0243402 0.0268942
0 0.636787 0.555195 0.0248264 0.0285646 0.026643
0 0.680334 0.40754 0.0168074 0.0185868 0.0249523
0 0.435957 0.672696 0.0291466 0.0281871 0.0246982
0 0.560947 0.366787 0.0161995 0.0176527 0.0225465
0 0.632699 0.380752 0.021874 0.0312806 0.0219109
0 0.35822 0.579204 0.0174341 0.0205185 0.0198188
0 0.579206 0.575036 0.0308962 0.0296679 0.0186158
0 0.614302 0.32308 0.0197947 0.0233256 0.0164197
0 0.540969 0.38321 0.019295 0.022859 0.0161264
0 0.616978 0.322508 0.0164361 0.0218606 0.0160846
0 0.555256 0.437662 0.0184874 0.0222925 0.0138739
0 0.332275 0.646284 0.0201302 0.02307 0.0133228
0 0.996442 0.455808 0.00711594 0.0228542 0.0129666
0 0.373618 0.577478 0.0171223 0.020065 0.0125874
0 0.449841 0.00429189 0.078878 0.00858378 0.0120967
0 0.425613 0.609672 0.0191874 0.0220421 0.0107253
0 0.46579 0.00456987 0.0827515 0.00879481 0.0103814
