0 0.95115 0.303663 0.0181799 0.0131113 0.681268
0 0.939255 0.333074 0.0147678 0.0240765 0.600271
0 0.932407 0.518833 0.132016 0.229023 0.438957
0 0.562639 0.430859 0.0163889 0.0141305 0.408453
0 0.0356566 0.0182468 0.0317461 0.0255382 0.306591
0 0.552318 0.481245 0.0126848 0.0150876 0.283824
0 0.572459 0.582113 0.0124866 0.0139342 0.241611
0 0.922024 0.359304 0.0283356 0.0324974 0.223647
0 0.454324 0.218967 0.0186352 0.0168635 0.192224
0 0.479652 0.23106 0.0195099 0.0360796 0.184108
0 0.390519 0.531577 0.0159682 0.0166153 0.178139
0 0.541248 0.432965 0.0143904 0.0146807 0.172952
0 0.434812 0.541515 0.012344 0.0154791 0.163152
0 0.495124 0.623496 0.0146898 0.0165646 0.152191
0 0.961674 0.643608 0.0766516 0.245346 0.151769
0 0.597143 0.291457 0.0108761 0.0147178 0.140671
0 0.525775 0.443121 0.0159575 0.0174826 0.138556
0 0.03633 0.0376456 0.0271781 0.0226651 0.119783
0 0.577756 0.561932 0.0130364 0.0134476 0.109499
0 0.535208 0.603434 0.0117737 0.0155956 0.10919
0 0.569393 0.679361 0.0113108 0.0132116 0.106963
0 0.474799 0.531304 0.0177294 0.0182629 0.102397
