0 0.266021 0.345476 0.0147455 0.0242249 0.761727
0 0.278741 0.318068 0.018586 0.0169188 0.733335
0 0.251884 0.379795 0.0197298 0.0152778 0.477407
0 0.989643 0.375023 0.0207148 0.176377 0.249895
0 0.357097 0.168904 0.0354122 0.0359338 0.23504
0 0.990828 0.401955 0.0183447 0.103584 0.20883
0 0.237829 0.378962 0.016705 0.0199481 0.177662
0 0.962265 0.330364 0.0753508 0.0902561 0.176168
0 0.0336977 0.694403 0.0673955 0.163694 0.168362
0 0.243718 0.363038 0.0150349 0.0172215 0.162005
0 0.248468 0.378577 0.0248086 0.0185772 0.154879
0 0.97164 0.334798 0.0565687 0.099191 0.147718
0 0.380983 0.158547 0.0373367 0.0373122 0.135879
0 0.966723 0.728046 0.0665533 0.06408 0.119477
0 0.246141 0.364798 0.0184698 0.0200311 0.112476
0 0.873308 0.355606 0.0491285 0.0752645 0.106695
