0 0.444206 0.453792 0.0121956 0.0138269 0.655117
0 0.260488 0.334432 0.0150857 0.0229159 0.601438
0 0.620718 0.493194 0.00925884 0.0121174 0.600062
0 0.370194 0.454455 0.0109881 0.0139112 0.42254
0 0.677996 0.503966 0.0123301 0.0135584 0.363922
0 0.249214 0.329446 0.0210148 0.0188008 0.360211
0 0.420257 0.49853 0.0134943 0.0139915 0.322061
0 0.619852 0.430846 0.0105756 0.0137393 0.309142
0 0.0685844 0.904703 0.0136098 0.0131344 0.308067
0 0.378214 0.425636 0.0135902 0.013497 0.305252
0 0.470211 0.49003 0.0130962 0.0136743 0.287601
0 0.416186 0.232064 0.012488 0.0113982 0.281296
0 0.514508 0.433411 0.0156979 0.0153765 0.279786
0 0.496038 0.469375 0.0131507 0.0133269 0.278612
0 0.528249 0.0161059 0.109833 0.0322117 0.227855
0 0.415825 0.563794 0.0150683 0.0147215 0.220674
0 0.566343 0.273474 0.00949173 0.0126092 0.220653
0 0.594476 0.438583 0.0118503 0.0128454 0.212683
0 0.281848 0.395167 0.00987196 0.0101393 0.208035
0 0.962535 0.765912 0.0726362 0.104689 0.193347
0 0.540497 0.413242 0.0141985 0.0135906 0.188807
0 0.346859 0.291709 0.00982456 0.0112658 0.179878
0 0.367194 0.38792 0.0134903 0.0136299 0.166249
0 0.552143 0.293241 0.0127774 0.0135962 0.162522
0 0.382318 0.394113 0.0120419 0.013494 0.160657
0 0.488229 0.439456 0.0154066 0.0164996 0.15894
0 0.391061 0.238759 0.0122049 0.0113159 0.156463
0 0.518453 0.298336 0.0122211 0.0146355 0.155642
0 0.405659 0.40126 0.0125454 0.0135243 0.154321
0 0.424244 0.417141 0.0128937 0.0147806 0.13789
0 0.39682 0.561531 0.0135406 0.0157896 0.128102
0 0.383283 0.205076 0.00845094 0.0117523 0.114961
0 0.404332 0.534956 0.0153803 0.0128931 0.11418
0 0.357745 0.0771743 0.0729884 0.0546501 0.113153
0 0.24489 0.473767 0.0115889 0.0136198 0.112283
