0 0.101218 0.633793 0.149362 0.106207 0.635699
0 0.428108 0.279143 0.0138409 0.0160209 0.424027
0 0.0356033 0.934169 0.0712066 0.131661 0.360667
0 0.343849 0.355203 0.014427 0.0170421 0.233698
0 0.950966 0.597172 0.0980684 0.238126 0.231535
0 0.329906 0.327114 0.015925 0.0170338 0.208252
0 0.364475 0.261297 0.0160343 0.0170873 0.202902
0 0.460836 0.112845 0.0250079 0.0196105 0.201278
0 0.388788 0.357903 0.0170987 0.016275 0.198619
0 0.638122 0.553877 0.0153687 0.012648 0.185647
0 0.346224 0.478076 0.014291 0.014992 0.161563
0 0.311475 0.299353 0.0193571 0.0203002 0.158246
0 0.35701 0.499074 0.0160598 0.0156599 0.155286
0 0.401532 0.292176 0.0140163 0.0151343 0.153643
0 0.564615 0.278959 0.0155136 0.017696 0.152852
0 0.0272278 0.938412 0.0544556 0.113736 0.145042
0 0.0125732 0.937318 0.0251464 0.121914 0.140855
0 0.0333386 0.709579 0.0666772 0.209366 0.128668
0 0.327367 0.35042 0.0156246 0.0175312 0.116153
0 0.926375 0.491126 0.147249 0.257722 0.1129
0 0.410004 0.254453 0.0108462 0.0144059 0.110969
0 0.359564 0.315172 0.0128061 0.0150416 0.107493
0 0.371103 0.320443 0.0140797 0.0143527 0.106843
0 0.254748 0.349144 0.0164918 0.0163058 0.10421
