0 0.06626 0.136364 0.0232681 0.0297115 0.795685
0 0.0319307 0.632536 0.0529188 0.0564518 0.740677
0 0.099845 0.118103 0.0303453 0.038774 0.718119
0 0.270496 0.312514 0.0197939 0.0206909 0.620717
0 0.0382041 0.989721 0.0306184 0.020559 0.610989
0 0.272682 0.291253 0.0153282 0.0141146 0.606887
0 0.423037 0.00468729 0.0261075 0.00929984 0.322648
0 0.284466 0.295859 0.0237493 0.0191303 0.279424
0 0.251528 0.332797 0.0237986 0.0303552 0.255553
0 0.288065 0.29479 0.0202863 0.0184443 0.216785
0 0.254037 0.341226 0.022248 0.0180479 0.215789
0 0.926928 0.321958 0.0211246 0.023539 0.200508
0 0.173871 0.0153601 0.023128 0.0282256 0.142982
0 0.922892 0.321012 0.0278896 0.0238571 0.134139
0 0.953342 0.292343 0.0237282 0.0229632 0.105204
