0 0.641473 0.250551 0.0179 0.0214865 0.824385
0 0.603247 0.279299 0.0170755 0.0182748 0.813511
0 0.742077 0.304407 0.0204575 0.0221278 0.812494
0 0.73989 0.759607 0.0381459 0.0333962 0.800805
0 0.566337 0.2854 0.0164923 0.0187443 0.800431
0 0.627202 0.821337 0.0247867 0.0251724 0.792007
0 0.646511 0.294885 0.0213689 0.0217382 0.787728
0 0.743455 0.706586 0.0249756 0.0257587 0.783665
0 0.374691 0.176908 0.023323 0.0243009 0.782071
0 0.483829 0.188593 0.0245197 0.0283583 0.779123
0 0.814673 0.440713 0.0226749 0.0244187 0.775787
0 0.420464 0.558276 0.0199236 0.0219759 0.772801
0 0.87424 0.493714 0.0228447 0.024675 0.769349
0 0.535963 0.259115 0.0193613 0.0197233 0.767332
0 0.342788 0.247234 0.0214154 0.0222266 0.76634
0 0.503052 0.337687 0.0194319 0.0284627 0.76588
0 0.603389 0.363799 0.0194009 0.0212183 0.764611
0 0.778111 0.335129 0.0217693 0.0229328 0.763075
0 0.452709 0.116573 0.0216755 0.0227282 0.761303
0 0.298078 0.76677 0.0237538 0.0238708 0.759443
0 0.548878 0.277319 0.0172676 0.0180079 0.755717
0 0.689217 0.438385 0.0215725 0.0225368 0.754064
0 0.214368 0.62807 0.0227716 0.0235816 0.75272
0 0.393145 0.406592 0.0191949 0.0204183 0.752162
0 0.455343 0.54967 0.0213696 0.0236671 0.751191
0 0.314817 0.442521 0.0230072 0.0205292 0.751153
0 0.643301 0.734042 0.0215107 0.0231089 0.750044
0 0.353182 0.406474 0.020945 0.0228021 0.74604
0 0.365812 0.284505 0.023272 0.0244637 0.735543
0 0.837907 0.510681 0.0222137 0.0241205 0.730948
0 0.606321 0.78347 0.0229046 0.0238134 0.726561
0 0.378673 0.655385 0.0251248 0.0244738 0.722452
0 0.727046 0.40922 0.023877 0.025448 0.721496
0 0.580378 0.450775 0.0210963 0.0219875 0.715255
0 0.747444 0.484935 0.0226702 0.0248589 0.709726
0 0.467897 0.25989 0.0187898 0.0196575 0.705151
0 0.788784 0.768422 0.0231959 0.0224327 0.702876
0 0.610905 0.460195 0.0209867 0.0224157 0.701755
0 0.785797 0.743937 0.0380105 0.018325 0.699602
0 0.322569 0.377642 0.0167925 0.0179245 0.699435
0 0.433883 0.860284 0.0221433 0.0229404 0.696524
0 0.334195 0.460583 0.0204754 0.0227402 0.695119
0 0.293853 0.286286 0.0215217 0.0236064 0.694047
0 0.429899 0.243123 0.0177504 0.0221976 0.693883
0 0.427686 0.89739 0.0222354 0.0215193 0.692467
0 0.235537 0.512594 0.0203148 0.0224464 0.691659
0 0.350216 0.606204 0.0236677 0.023863 0.691592
0 0.456953 0.411051 0.0222486 0.0228368 0.690889
0 0.250422 0.439497 0.0170166 0.0180161 0.681051
0 0.455445 0.862683 0.0240536 0.0249357 0.680585
0 0.508507 0.314732 0.0167873 0.0188352 0.676462
0 0.772603 0.297255 0.021672 0.0237396 0.67431
0 0.213782 0.485384 0.0226576 0.0223015 0.674233
0 0.406709 0.336716 0.0235276 0.0239577 0.67123
0 0.582399 0.209046 0.0219526 0.0237442 0.666646
0 0.483917 0.279913 0.0182587 0.0187183 0.666345
0 0.198165 0.457664 0.0228319 0.0215569 0.665788
0 0.392375 0.439291 0.0208307 0.0204961 0.665293
0 0.526296 0.857246 0.0242436 0.024778 0.663319
0 0.438115 0.801951 0.0241076 0.0239233 0.658949
0 0.607873 0.258749 0.015558 0.0150023 0.652473
0 0.545248 0.898956 0.016296 0.0183842 0.652448
0 0.536792 0.331017 0.0179785 0.0187397 0.648814
0 0.279431 0.449726 0.0167418 0.0184526 0.644912
0 0.196137 0.514183 0.0217557 0.0237928 0.621941
0 0.680808 0.811464 0.0214571 0.0246212 0.613395
0 0.487108 0.236812 0.0203938 0.0205608 0.599173
0 0.6078 0.235222 0.0190047 0.0194076 0.598868
0 0.219673 0.271858 0.0226308 0.026053 0.595531
0 0.583094 0.353254 0.0260005 0.0271609 0.576637
0 0.824287 0.638586 0.0256161 0.0248319 0.546935
0 0.263615 0.463262 0.0188953 0.0178946 0.483405
0 0.446527 0.243814 0.0198945 0.0219775 0.461451
0 0.309115 0.360864 0.0165554 0.0180732 0.458262
0 0.209013 0.727117 0.0229703 0.024213 0.456016
0 0.538099 0.881713 0.0240135 0.021442 0.44898
0 0.288604 0.390516 0.0194965 0.0167486 0.402882
0 0.340929 0.333075 0.0239696 0.0201074 0.393162
0 0.624644 0.262032 0.0164916 0.0197443 0.366367
0 0.782389 0.738451 0.0405588 0.0289822 0.337673
0 0.736973 0.798608 0.0234372 0.0169898 0.321386
0 0.327501 0.345177 0.0158255 0.0158989 0.317244
0 0.616536 0.265936 0.0172736 0.0184284 0.307056
0 0.304667 0.376234 0.0198524 0.0195724 0.283243
0 0.61794 0.248736 0.0147871 0.015609 0.260566
0 0.283387 0.362816 0.0237268 0.0157598 0.258072
0 0.772797 0.729547 0.0325109 0.0322162 0.238582
0 0.278556 0.368445 0.0209449 0.0180594 0.198389
0 0.150406 0.639381 0.0204743 0.0222895 0.194703
0 0.452772 0.254368 0.0160608 0.0155629 0.193853
0 0.439624 0.861435 0.0320957 0.0246536 0.179535
0 0.129353 0.568836 0.02009 0.0226557 0.161342
0 0.768701 0.727239 0.0224651 0.028125 0.143578
0 0.307176 0.362607 0.0192738 0.0174249 0.142157
0 0.625386 0.258833 0.0173278 0.024816 0.13482
0 0.445966 0.238494 0.0198385 0.0170032 0.127557
0 0.29626 0.360793 0.0144799 0.0137558 0.110371
0 0.446981 0.249724 0.0190338 0.0187127 0.109913
