0 0.39486 0.715832 0.0188798 0.019339 0.848812
0 0.693523 0.527309 0.0217608 0.0203766 0.837268
0 0.341454 0.617192 0.0220089 0.0209824 0.828888
0 0.432652 0.714591 0.0204852 0.0196908 0.824221
0 0.80723 0.656 0.0465273 0.0154594 0.81985
0 0.60071 0.775839 0.0221466 0.0212496 0.815969
0 0.69803 0.578127 0.0226955 0.021447 0.813071
0 0.208946 0.626168 0.016766 0.0195394 0.810134
0 0.220378 0.567727 0.020156 0.02031 0.809728
0 0.53791 0.652231 0.0207973 0.0187025 0.807508
0 0.66183 0.494078 0.0222951 0.0215416 0.80507
0 0.479165 0.68251 0.0193336 0.0197294 0.80327
0 0.489707 0.416137 0.0214567 0.0198498 0.7976
0 0.452579 0.54759 0.0191757 0.0199278 0.796539
0 0.295083 0.425283 0.0201731 0.0207756 0.79603
0 0.579125 0.602588 0.0217196 0.021739 0.795205
0 0.715176 0.476059 0.0205018 0.0209692 0.787499
0 0.267633 0.621814 0.0196814 0.0200302 0.782698
0 0.803135 0.370297 0.0222544 0.0210748 0.782473
0 0.186252 0.607103 0.0187851 0.016275 0.781167
0 0.352193 0.775416 0.0224342 0.0213829 0.776311
0 0.542248 0.680135 0.0200954 0.0177931 0.774535
0 0.740377 0.372239 0.0247889 0.0226708 0.771031
0 0.690749 0.235084 0.0214445 0.0213538 0.770488
0 0.752798 0.427754 0.0214018 0.0208712 0.768702
0 0.68596 0.809176 0.022563 0.021909 0.768473
0 0.502557 0.65411 0.0187662 0.0191083 0.768411
0 0.789995 0.483834 0.0237604 0.0221054 0.766403
0 0.273441 0.515635 0.0232795 0.0166121 0.765539
0 0.177068 0.627842 0.0177673 0.0161368 0.764579
0 0.209718 0.498133 0.0211124 0.0217867 0.763883
0 0.632422 0.271624 0.0219475 0.0205428 0.762547
0 0.735036 0.453805 0.0220813 0.0205872 0.761777
0 0.351636 0.680207 0.0198215 0.0192647 0.759449
0 0.465197 0.158399 0.0217157 0.0225569 0.758355
0 0.377298 0.359901 0.0207654 0.0211424 0.756226
0 0.445545 0.583697 0.0201929 0.0202785 0.755405
0 0.343629 0.491838 0.0229489 0.0227852 0.754997
0 0.557524 0.801453 0.0196922 0.0227146 0.753628
0 0.74547 0.746516 0.0250582 0.0224982 0.751328
0 0.558948 0.460473 0.0214785 0.0217516 0.750933
0 0.484918 0.314657 0.0235089 0.0212348 0.750293
0 0.405511 0.552195 0.019858 0.0197185 0.747851
0 0.775228 0.410375 0.021995 0.0229029 0.746191
0 0.547852 0.202931 0.018527 0.0201618 0.743308
0 0.326786 0.739973 0.0194556 0.01835 0.742514
0 0.752782 0.80394 0.0183038 0.0174076 0.742108
0 0.489754 0.18444 0.0206968 0.0210192 0.740881
0 0.335819 0.549732 0.0239564 0.0219448 0.740508
0 0.237733 0.47376 0.0208821 0.0210588 0.738155
0 0.643363 0.362758 0.0226368 0.022982 0.729578
0 0.830263 0.434856 0.0210686 0.0207529 0.727676
0 0.459458 0.481304 0.0213285 0.0207168 0.727087
0 0.572387 0.411013 0.0221824 0.0225178 0.724983
0 0.699332 0.722973 0.0209406 0.0207741 0.724931
0 0.402119 0.421845 0.0219344 0.0203505 0.724534
0 0.289499 0.709495 0.0213457 0.0205841 0.723298
0 0.596893 0.255374 0.022019 0.0211774 0.720497
0 0.442651 0.235674 0.0211346 0.0214363 0.716915
0 0.53379 0.300462 0.0209749 0.0221115 0.714003
0 0.255786 0.490052 0.0210317 0.0205231 0.707842
0 0.589499 0.485668 0.0240857 0.023654 0.707823
0 0.612193 0.131583 0.0209801 0.0220299 0.707822
0 0.29305 0.475849 0.0223478 0.0215528 0.700929
0 0.3241 0.28779 0.02119 0.0211889 0.698338
0 0.240368 0.64312 0.0204365 0.0195032 0.692909
0 0.530848 0.209274 0.019296 0.0216494 0.692869
0 0.73591 0.782477 0.0213346 0.0219856 0.687644
0 0.661869 0.251532 0.0223259 0.0221078 0.686229
0 0.325043 0.706602 0.0196747 0.0181494 0.686136
0 0.867772 0.484769 0.0235912 0.0270134 0.68538
0 0.686106 0.62626 0.0233779 0.021492 0.666445
0 0.833874 0.565689 0.0222574 0.0244873 0.655582
0 0.534992 0.720459 0.0201716 0.0145071 0.650455
0 0.217391 0.6495 0.0179462 0.0200804 0.636052
0 0.137655 0.431348 0.0232715 0.0203669 0.629491
0 0.539231 0.706049 0.0204012 0.0148994 0.620809
0 0.538313 0.808206 0.0223291 0.0214211 0.611784
0 0.679872 0.85885 0.02089 0.0207897 0.55724
0 0.423444 0.537995 0.0187038 0.0201021 0.545524
0 0.374192 0.693813 0.0194829 0.0185831 0.539714
0 0.162579 0.561322 0.0217973 0.0176697 0.53453
0 0.516954 0.683856 0.0188047 0.0190536 0.493633
0 0.34986 0.731798 0.0207404 0.0215233 0.47287
0 0.890735 0.614034 0.0213306 0.0211056 0.466697
0 0.170402 0.527675 0.0211978 0.0192589 0.451045
0 0.552613 0.284848 0.019458 0.0225375 0.421548
0 0.821659 0.620333 0.0195978 0.0186789 0.411357
0 0.574251 0.285555 0.0256889 0.023463 0.400742
0 0.832344 0.608333 0.0238354 0.023299 0.352615
0 0.169202 0.541811 0.0210867 0.0167915 0.306822
0 0.822705 0.622734 0.0194935 0.016619 0.258073
0 0.873421 0.569521 0.0173588 0.0181247 0.251159
0 0.125531 0.524231 0.0140269 0.0135527 0.200714
0 0.812854 0.619096 0.0250942 0.0197516 0.194569
0 0.122507 0.520039 0.0125182 0.0154771 0.193607
0 0.854819 0.56456 0.0187084 0.0150211 0.178218
0 0.130821 0.514929 0.0122123 0.012921 0.17749
0 0.169651 0.538247 0.0222124 0.0199733 0.172547
0 0.831615 0.613103 0.022213 0.0199581 0.165265
0 0.87181 0.485429 0.0299225 0.0289068 0.161248
0 0.834068 0.617233 0.0223902 0.0225946 0.159244
0 0.146354 0.509237 0.0125935 0.0125832 0.149819
0 0.566034 0.286048 0.022352 0.023966 0.125033
0 0.155433 0.542147 0.0158647 0.0160637 0.120507
0 0.127656 0.525361 0.0148516 0.0136835 0.115394
0 0.528769 0.672579 0.0171246 0.017223 0.107345
0 0.165078 0.682608 0.0160357 0.0168457 0.102198
