0 0.481197 0.727608 0.00839119 0.0101944
0 0.662427 0.712789 0.00930824 0.00984421
0 0.520416 0.766151 0.00918674 0.0123454
0 0.381674 0.655089 0.00940666 0.012311
0 0.520835 0.579514 0.00727539 0.0110794
0 0.471788 0.693803 0.00924749 0.0106382
0 0.604018 0.702693 0.00897589 0.0102549
0 0.386571 0.710572 0.00899343 0.00944815
0 0.406786 0.734588 0.00898285 0.0103172
0 0.561019 0.83344 0.0155906 0.0143345
0 0.403286 0.682279 0.00980616 0.011149
0 0.670946 0.264496 0.00841236 0.0121253
0 0.461728 0.640985 0.00955248 0.0116589
0 0.540614 0.586996 0.00946598 0.00998478
0 0.419249 0.646486 0.0103682 0.0107876
0 0.480755 0.67767 0.00959206 0.0102417
0 0.403744 0.634556 0.0101846 0.0108757
0 0.492198 0.669477 0.00931711 0.0102813
0 0.504065 0.503431 0.0109119 0.0108964
0 0.318613 0.527054 0.0102071 0.0120689
0 0.342347 0.657565 0.00953407 0.0104559
0 0.454612 0.296116 0.00966358 0.0124736
0 0.36868 0.377722 0.0109155 0.0145537
0 0.542993 0.783733 0.0088027 0.0109464
0 0.590264 0.295137 0.0131592 0.0159731
0 0.69299 0.503192 0.00938625 0.0101597
0 0.534742 0.622365 0.0104647 0.012396
0 0.616188 0.489819 0.0116411 0.0123165
0 0.42535 0.181582 0.0219465 0.0315927
0 0.528181 0.542885 0.0114592 0.0118105
0 0.466711 0.762921 0.00990839 0.0103228
0 0.444808 0.535202 0.0131193 0.012994
0 0.542837 0.520488 0.0101296 0.0104207
0 0.423621 0.474409 0.0131006 0.0129209
0 0.376616 0.472254 0.0140605 0.0134487
0 0.414741 0.619517 0.0107325 0.0114828
0 0.326843 0.593929 0.0122239 0.0110217
0 0.741597 0.361545 0.0125933 0.0135229
0 0.332492 0.333769 0.010052 0.0117463
0 0.602042 0.461341 0.0132953 0.0132717
0 0.513548 0.68417 0.0111631 0.0109232
0 0.437458 0.635562 0.0106676 0.0107586
0 0.716848 0.293519 0.0114777 0.0115301
0 0.394582 0.253519 0.0115544 0.0168947
0 0.547285 0.736218 0.00860653 0.0115082
0 0.352893 0.685768 0.0105771 0.0108742
0 0.606895 0.785136 0.0101871 0.0112348
0 0.509366 0.592978 0.0097538 0.0122303
0 0.392684 0.388126 0.0122235 0.0136116
0 0.451393 0.231102 0.0127227 0.0135978
0 0.420859 0.238724 0.0216716 0.0224154
0 0.465711 0.373479 0.0107338 0.0108902
0 0.360174 0.722561 0.0100852 0.0128815
0 0.37349 0.263397 0.0107399 0.0148319
0 0.472789 0.296908 0.00931416 0.01232
0 0.583542 0.570765 0.0122545 0.0132858
0 0.351804 0.618875 0.0109309 0.0102495
0 0.457684 0.386075 0.0113932 0.011595
0 0.564357 0.733146 0.00905972 0.0101923
0 0.506955 0.701561 0.00833683 0.0106767
0 0.309424 0.335321 0.0137444 0.016514
0 0.58046 0.738679 0.00936775 0.0113043
0 0.446273 0.617076 0.0105747 0.0116613
0 0.601535 0.659861 0.0104067 0.00997305
0 0.436318 0.632481 0.011755 0.0108743
0 0.602602 0.76003 0.00898771 0.00926886
0 0.347996 0.284492 0.0107133 0.0140963
0 0.385732 0.709076 0.00997658 0.0102555
0 0.351761 0.646774 0.0105465 0.0092391
0 0.463778 0.385806 0.0115786 0.0113226
0 0.553546 0.818449 0.0113857 0.0106384
0 0.562759 0.466569 0.00994835 0.0104835
0 0.589357 0.655972 0.0105529 0.0108293
0 0.559778 0.468541 0.0101028 0.0102143
0 0.505168 0.413985 0.0129093 0.0117743
0 0.43072 0.773458 0.0108416 0.011287
0 0.503631 0.485428 0.0108061 0.0101978
0 0.504195 0.495675 0.0117422 0.0101622
0 0.465935 0.386034 0.0116814 0.0120008
0 0.588747 0.294573 0.0185605 0.0190571
0 0.471232 0.406509 0.0104215 0.0121952
0 0.386139 0.237702 0.0145607 0.0137138
0 0.380498 0.250368 0.0159167 0.0192612
0 0.598253 0.557912 0.0118705 0.0117304
0 0.535423 0.625568 0.0121487 0.0142052
