0 0.450277 0.758812 0.023637 0.0225255
0 0.561059 0.740741 0.0108937 0.0147893
0 0.579442 0.246557 0.0133173 0.0187714
0 0.518149 0.708424 0.0109806 0.014256
0 0.47952 0.775618 0.0175968 0.0178347
0 0.446705 0.759136 0.0306809 0.0249939
0 0.566654 0.677012 0.0114939 0.0130255
0 0.437666 0.758058 0.0238389 0.0277094
0 0.480592 0.757966 0.0122771 0.0185385
0 0.479238 0.768832 0.0152758 0.0279617
0 0.386925 0.551464 0.0135991 0.0176901
0 0.682592 0.244863 0.0101348 0.0159566
0 0.674482 0.274393 0.0150106 0.0164125
0 0.626242 0.233582 0.0147185 0.0204597
0 0.868886 0.463441 0.0173063 0.0185909
0 0.427498 0.205504 0.012701 0.0182535
0 0.643678 0.376962 0.0136829 0.018241
