0 0.549123 0.396014 0.0263514 0.0260318 0.780682
0 0.384057 0.296405 0.0268855 0.0284616 0.756495
0 0.29239 0.23883 0.0241019 0.0278477 0.747897
0 0.55772 0.256573 0.0270871 0.0263893 0.74455
0 0.49247 0.86025 0.0233421 0.0236645 0.735026
0 0.268436 0.261941 0.022716 0.02416 0.732024
0 0.177679 0.378247 0.0408153 0.039541 0.730144
0 0.200397 0.653931 0.0240658 0.0234873 0.725396
0 0.639406 0.425126 0.0274038 0.0282717 0.712477
0 0.329 0.657545 0.0253896 0.026775 0.708772
0 0.598294 0.513368 0.0266385 0.0266184 0.707057
0 0.218342 0.323697 0.0538599 0.020815 0.702248
0 0.546555 0.349881 0.026371 0.026628 0.701501
0 0.650138 0.711523 0.0229794 0.0251432 0.69997
0 0.202989 0.350731 0.0356799 0.0303493 0.697926
0 0.364428 0.853494 0.0231942 0.0233776 0.694877
0 0.678407 0.424289 0.0253639 0.0267821 0.68464
0 0.424676 0.153868 0.0168182 0.0153055 0.646099
0 0.180459 0.390273 0.0381479 0.0186703 0.614034
0 0.550138 0.145708 0.0373488 0.0330434 0.500184
0 0.45894 0.658079 0.0287676 0.0320547 0.42205
0 0.227274 0.323465 0.036332 0.0200323 0.412874
0 0.264994 0.235784 0.0317802 0.0301414 0.31865
0 0.201047 0.355459 0.035929 0.02958 0.224607
0 0.215092 0.321643 0.0475582 0.0152177 0.162859
