0 0.491635 0.778594 0.0163893 0.0207352 0.732078
0 0.453839 0.746736 0.0168473 0.020798 0.588155
0 0.533003 0.692189 0.0150362 0.018362 0.534577
0 0.570866 0.456275 0.0169798 0.021284 0.413626
0 0.514145 0.783401 0.0173254 0.0208853 0.330878
0 0.367012 0.382374 0.0185564 0.023811 0.219042
0 0.374328 0.467346 0.0183127 0.0234364 0.21088
0 0.647509 0.362289 0.0167206 0.0221772 0.0824187
0 0.536168 0.691734 0.0174641 0.0171486 0.0392168
0 0.512736 0.785724 0.0200518 0.0198633 0.0198946
0 0.379618 0.468288 0.0242637 0.0242601 0.0164393
0 0.374945 0.469312 0.0229738 0.0276968 0.0106964
