0 0.656616 0.552449 0.012409 0.0168009 0.556927
0 0.56688 0.590297 0.0187469 0.0223619 0.433808
0 0.635225 0.456033 0.0155594 0.0183267 0.42607
0 0.468259 0.663204 0.0137775 0.0159283 0.342339
0 0.519784 0.470965 0.0138789 0.0191776 0.317884
0 0.546157 0.580118 0.0171023 0.0210535 0.308063
0 0.68838 0.465596 0.0190919 0.0219307 0.282322
0 0.502939 0.481813 0.015843 0.0183565 0.209637
0 0.507998 0.467769 0.0152807 0.0173568 0.187969
0 0.655083 0.614738 0.0128189 0.0152298 0.150708
0 0.392213 0.496645 0.0249756 0.0262901 0.129822
0 0.565111 0.366334 0.0115517 0.0123598 0.110732
0 0.455686 0.785524 0.0150438 0.0178411 0.0762876
0 0.588636 0.683007 0.0158496 0.0185596 0.0603205
0 0.518934 0.420046 0.0160429 0.0175335 0.0477892
0 0.603006 0.551788 0.0135317 0.0137379 0.0429026
0 0.638121 0.64694 0.0185963 0.0194412 0.0361906
0 0.548983 0.585724 0.0178312 0.0231387 0.0269356
0 0.406344 0.426062 0.0206566 0.0227654 0.0260932
0 0.549739 0.582543 0.0191022 0.0212059 0.0232247
0 0.601126 0.653624 0.0205923 0.0236135 0.021749
0 0.539439 0.635237 0.017783 0.0186158 0.0171906
0 0.639468 0.627828 0.0163815 0.0143211 0.0158064
0 0.513519 0.338547 0.0152043 0.0145952 0.0157086
0 0.51621 0.454558 0.0160063 0.0182644 0.0149391
0 0.372465 0.572015 0.0220771 0.0270594 0.0126069
0 0.576644 0.431805 0.0152519 0.0166988 0.0122501
0 0.513843 0.334832 0.0158731 0.0203511 0.0113182
0 0.562707 0.368779 0.015582 0.0188416 0.0103769
