0 0.430622 0.609444 0.013056 0.0222086 0.516366
0 0.427328 0.57082 0.0161262 0.0182384 0.388355
0 0.617163 0.322914 0.0123769 0.017194 0.366905
0 0.384676 0.639929 0.0117358 0.0157873 0.311201
0 0.555288 0.437293 0.0177924 0.022717 0.21749
0 0.536571 0.414734 0.0180193 0.0210713 0.199258
0 0.730771 0.56354 0.0125612 0.0171828 0.136221
0 0.618498 0.754095 0.0133139 0.0173502 0.133162
0 0.481547 0.768285 0.0177654 0.0224835 0.11148
0 0.632859 0.377122 0.0175749 0.0222987 0.0951468
0 0.410103 0.245857 0.0234581 0.0258156 0.0776355
0 0.408102 0.517039 0.0186059 0.0220476 0.0751374
0 0.439255 0.674009 0.0224235 0.0256471 0.0678322
0 0.581463 0.573981 0.0174435 0.0178003 0.0558293
0 0.358124 0.580388 0.0159351 0.0182167 0.0468098
0 0.3733 0.577228 0.0168994 0.0201159 0.0454276
0 0.450452 0.364918 0.0131889 0.0173883 0.0421846
0 0.577717 0.374311 0.0168879 0.0182052 0.0391392
0 0.374074 0.55292 0.0135567 0.0183874 0.0251718
0 0.42602 0.609268 0.0189917 0.0235865 0.0237399
0 0.387488 0.641503 0.0171368 0.0185413 0.0119257
0 0.564695 0.424171 0.0182281 0.0200397 0.0111002
0 0.437271 0.60903 0.0246443 0.0241169 0.0101856
