0 0.556936 0.629725 0.0221069 0.022076 0.86613
0 0.144354 0.328464 0.0192626 0.0226693 0.834987
0 0.263205 0.6044 0.0227281 0.0222437 0.818329
0 0.368795 0.272377 0.022854 0.0219491 0.813073
0 0.753579 0.390888 0.0217028 0.021249 0.809786
0 0.707539 0.427902 0.0205997 0.0209128 0.803231
0 0.282761 0.537189 0.0195673 0.0200186 0.794136
0 0.508388 0.566459 0.0227785 0.0217314 0.788347
0 0.534411 0.304065 0.0216369 0.0205266 0.786929
0 0.146584 0.49184 0.022047 0.0219826 0.772084
0 0.704916 0.552983 0.0216917 0.0206983 0.770341
0 0.57293 0.35317 0.0223335 0.0200501 0.762716
0 0.490756 0.284197 0.0232353 0.0221878 0.759999
0 0.308418 0.644941 0.0239735 0.0238678 0.752283
0 0.633826 0.669209 0.0225996 0.0225832 0.745919
0 0.403105 0.402559 0.0224062 0.022313 0.74493
0 0.158731 0.549459 0.023411 0.0247054 0.742362
0 0.218937 0.361007 0.0229965 0.0234901 0.73735
0 0.229313 0.749149 0.023932 0.0248984 0.73463
0 0.255464 0.453332 0.0224322 0.0209781 0.720538
0 0.625834 0.435577 0.0221524 0.0223064 0.710153
0 0.386378 0.475484 0.0218834 0.0213326 0.705321
0 0.582664 0.496642 0.0225784 0.0215714 0.701524
0 0.299395 0.260235 0.0217789 0.0220115 0.697682
0 0.267805 0.821263 0.0238848 0.0233623 0.691514
0 0.413346 0.311083 0.0227839 0.0247106 0.67848
0 0.492023 0.659823 0.0301686 0.0295781 0.652651
0 0.648692 0.571599 0.0200954 0.0198518 0.633618
0 0.713064 0.207917 0.0225086 0.0349675 0.609019
0 0.772037 0.48379 0.0245667 0.0255383 0.469062
0 0.627499 0.30042 0.0251854 0.0236725 0.428184
