0 0.59519 0.595566 0.0141344 0.0182499 0.497579
0 0.604538 0.752559 0.0151894 0.0195263 0.433587
0 0.523311 0.765583 0.0130058 0.0186987 0.375411
0 0.51357 0.431075 0.0197008 0.0221384 0.354971
0 0.617245 0.320383 0.0156237 0.0202517 0.324862
0 0.555487 0.701888 0.0121207 0.0161875 0.262286
0 0.56419 0.373655 0.0148756 0.0198324 0.181509
0 0.479512 0.60668 0.0156091 0.0196098 0.169367
0 0.643339 0.720229 0.0145881 0.0190154 0.121099
0 0.374661 0.648305 0.0149239 0.0192118 0.114663
0 0.562103 0.372996 0.0184053 0.0227715 0.0429116
0 0.601489 0.752357 0.0186587 0.0204239 0.0282554
0 0.591046 0.68211 0.014942 0.017889 0.0206635
0 0.569059 0.37279 0.0201851 0.020551 0.0100758
