0 0.502487 0.453672 0.0177782 0.0194195 0.428371
0 0.546427 0.579938 0.0176594 0.0218372 0.382812
0 0.664509 0.515392 0.0202988 0.0216432 0.209461
0 0.68818 0.466128 0.0194584 0.0229799 0.155782
0 0.527368 0.643133 0.0117105 0.0173174 0.147701
0 0.541256 0.650204 0.0158361 0.02065 0.12946
0 0.495398 0.5717 0.0191016 0.0219642 0.0723608
0 0.507386 0.467889 0.015316 0.0165833 0.06509
0 0.621525 0.480427 0.020545 0.0200042 0.0417154
0 0.524719 0.642634 0.0160387 0.0200007 0.0395507
0 0.564642 0.365421 0.0131752 0.0153145 0.0257841
0 0.663386 0.40636 0.016884 0.0203602 0.0236359
0 0.446696 0.703869 0.0127289 0.0169056 0.0221696
0 0.53742 0.643453 0.0157767 0.015864 0.018415
0 0.560825 0.363939 0.0191395 0.0217429 0.0175856
