0 0.429566 0.609636 0.0104584 0.0203843 0.422986
0 0.703053 0.476996 0.0189907 0.0196 0.320601
0 0.384787 0.639933 0.0103865 0.0135811 0.159106
0 0.409878 0.24494 0.0254705 0.0280276 0.0982715
0 0.678533 0.407317 0.0135223 0.0157995 0.0634416
0 0.565243 0.365343 0.011845 0.0130979 0.040844
0 0.418782 0.390367 0.0122845 0.0173182 0.028266
0 0.636787 0.555195 0.0248264 0.0285646 0.026643
0 0.435957 0.672696 0.0291466 0.0281871 0.0246982
0 0.35822 0.579204 0.0174341 0.0205185 0.0198188
0 0.540969 0.38321 0.019295 0.022859 0.0161264
0 0.555256 0.437662 0.0184874 0.0222925 0.0138739
0 0.373618 0.577478 0.0171223 0.020065 0.0125874
0 0.425613 0.609672 0.0191874 0.0220421 0.0107253
