0 0.444206 0.453792 0.0121956 0.0138269 0.655117
0 0.620718 0.493194 0.00925884 0.0121174 0.600062
0 0.677996 0.503966 0.0123301 0.0135584 0.363922
0 0.420257 0.49853 0.0134943 0.0139915 0.322061
0 0.378214 0.425636 0.0135902 0.013497 0.305252
0 0.416186 0.232064 0.012488 0.0113982 0.281296
0 0.496038 0.469375 0.0131507 0.0133269 0.278612
0 0.415825 0.563794 0.0150683 0.0147215 0.220674
0 0.594476 0.438583 0.0118503 0.0128454 0.212683
0 0.540497 0.413242 0.0141985 0.0135906 0.188807
0 0.367194 0.38792 0.0134903 0.0136299 0.166249
0 0.382318 0.394113 0.0120419 0.013494 0.160657
0 0.391061 0.238759 0.0122049 0.0113159 0.156463
0 0.405659 0.40126 0.0125454 0.0135243 0.154321
0 0.39682 0.561531 0.0135406 0.0157896 0.128102
0 0.404332 0.534956 0.0153803 0.0128931 0.11418
0 0.24489 0.473767 0.0115889 0.0136198 0.112283
