0 0.39486 0.715832 0.0188798 0.019339 0.848812
0 0.341454 0.617192 0.0220089 0.0209824 0.828888
0 0.60071 0.775839 0.0221466 0.0212496 0.815969
0 0.220378 0.567727 0.020156 0.02031 0.809728
0 0.66183 0.494078 0.0222951 0.0215416 0.80507
0 0.489707 0.416137 0.0214567 0.0198498 0.7976
0 0.295083 0.425283 0.0201731 0.0207756 0.79603
0 0.267633 0.621814 0.0196814 0.0200302 0.782698
0 0.352193 0.775416 0.0224342 0.0213829 0.776311
0 0.740377 0.372239 0.0247889 0.0226708 0.771031
0 0.68596 0.809176 0.022563 0.021909 0.768473
0 0.789995 0.483834 0.0237604 0.0221054 0.766403
0 0.209718 0.498133 0.0211124 0.0217867 0.763883
0 0.465197 0.158399 0.0217157 0.0225569 0.758355
0 0.445545 0.583697 0.0201929 0.0202785 0.755405
0 0.74547 0.746516 0.0250582 0.0224982 0.751328
0 0.484918 0.314657 0.0235089 0.0212348 0.750293
0 0.489754 0.18444 0.0206968 0.0210192 0.740881
0 0.643363 0.362758 0.0226368 0.022982 0.729578
0 0.459458 0.481304 0.0213285 0.0207168 0.727087
0 0.699332 0.722973 0.0209406 0.0207741 0.724931
0 0.289499 0.709495 0.0213457 0.0205841 0.723298
0 0.442651 0.235674 0.0211346 0.0214363 0.716915
0 0.589499 0.485668 0.0240857 0.023654 0.707823
0 0.29305 0.475849 0.0223478 0.0215528 0.700929
0 0.661869 0.251532 0.0223259 0.0221078 0.686229
0 0.686106 0.62626 0.0233779 0.021492 0.666445
0 0.137655 0.431348 0.0232715 0.0203669 0.629491
