0 0.742077 0.304407 0.0204575 0.0221278 0.812494
0 0.627202 0.821337 0.0247867 0.0251724 0.792007
0 0.374691 0.176908 0.023323 0.0243009 0.782071
0 0.814673 0.440713 0.0226749 0.0244187 0.775787
0 0.342788 0.247234 0.0214154 0.0222266 0.76634
0 0.778111 0.335129 0.0217693 0.0229328 0.763075
0 0.298078 0.76677 0.0237538 0.0238708 0.759443
0 0.689217 0.438385 0.0215725 0.0225368 0.754064
0 0.393145 0.406592 0.0191949 0.0204183 0.752162
0 0.643301 0.734042 0.0215107 0.0231089 0.750044
0 0.365812 0.284505 0.023272 0.0244637 0.735543
0 0.606321 0.78347 0.0229046 0.0238134 0.726561
0 0.727046 0.40922 0.023877 0.025448 0.721496
0 0.747444 0.484935 0.0226702 0.0248589 0.709726
0 0.610905 0.460195 0.0209867 0.0224157 0.701755
0 0.293853 0.286286 0.0215217 0.0236064 0.694047
0 0.235537 0.512594 0.0203148 0.0224464 0.691659
0 0.456953 0.411051 0.0222486 0.0228368 0.690889
0 0.772603 0.297255 0.021672 0.0237396 0.67431
0 0.406709 0.336716 0.0235276 0.0239577 0.67123
0 0.198165 0.457664 0.0228319 0.0215569 0.665788
0 0.438115 0.801951 0.0241076 0.0239233 0.658949
0 0.536792 0.331017 0.0179785 0.0187397 0.648814
0 0.196137 0.514183 0.0217557 0.0237928 0.621941
0 0.487108 0.236812 0.0203938 0.0205608 0.599173
0 0.219673 0.271858 0.0226308 0.026053 0.595531
0 0.824287 0.638586 0.0256161 0.0248319 0.546935
0 0.209013 0.727117 0.0229703 0.024213 0.456016
0 0.129353 0.568836 0.02009 0.0226557 0.161342
