0 0.556936 0.629725 0.0221069 0.022076 0.86613
0 0.753955 0.604348 0.0224863 0.0213831 0.836256
0 0.144354 0.328464 0.0192626 0.0226693 0.834987
0 0.654477 0.278307 0.0202564 0.020246 0.826692
0 0.263205 0.6044 0.0227281 0.0222437 0.818329
0 0.847916 0.30492 0.0249947 0.0228519 0.816109
0 0.368795 0.272377 0.022854 0.0219491 0.813073
0 0.869923 0.373034 0.0232765 0.0228105 0.810027
0 0.753579 0.390888 0.0217028 0.021249 0.809786
0 0.502875 0.442801 0.020414 0.02198 0.805187
0 0.707539 0.427902 0.0205997 0.0209128 0.803231
0 0.488415 0.496633 0.021811 0.0213106 0.794176
0 0.282761 0.537189 0.0195673 0.0200186 0.794136
0 0.287354 0.380294 0.0235116 0.0225475 0.792297
0 0.508388 0.566459 0.0227785 0.0217314 0.788347
0 0.211078 0.690081 0.0214657 0.0209179 0.78698
0 0.534411 0.304065 0.0216369 0.0205266 0.786929
0 0.478746 0.250389 0.02204 0.0226299 0.78384
0 0.202872 0.250147 0.0213394 0.0220726 0.783134
0 0.851274 0.49653 0.0230515 0.0214447 0.777543
0 0.109961 0.517686 0.024376 0.022451 0.776424
0 0.525747 0.273992 0.0223228 0.0233028 0.774
0 0.146584 0.49184 0.022047 0.0219826 0.772084
0 0.295286 0.505982 0.0197963 0.0192794 0.771486
0 0.704916 0.552983 0.0216917 0.0206983 0.770341
0 0.114513 0.399059 0.0193135 0.0203889 0.76876
0 0.328778 0.359167 0.0209444 0.0203376 0.768327
0 0.57293 0.35317 0.0223335 0.0200501 0.762716
0 0.676619 0.691284 0.0236669 0.0224803 0.760014
0 0.490756 0.284197 0.0232353 0.0221878 0.759999
0 0.775923 0.655301 0.0233835 0.0217676 0.759681
0 0.287752 0.318167 0.0205275 0.0200289 0.75699
0 0.214893 0.532918 0.0227407 0.0221416 0.754825
0 0.308418 0.644941 0.0239735 0.0238678 0.752283
0 0.715556 0.59973 0.0240207 0.026121 0.749126
0 0.378698 0.563878 0.0221115 0.0224152 0.748792
0 0.592813 0.596535 0.0199107 0.0194101 0.746893
0 0.633826 0.669209 0.0225996 0.0225832 0.745919
0 0.340334 0.510082 0.0207025 0.0220152 0.745105
0 0.403105 0.402559 0.0224062 0.022313 0.74493
0 0.54633 0.20411 0.0229401 0.020844 0.743887
0 0.393544 0.715494 0.0210778 0.0210572 0.742625
0 0.158731 0.549459 0.023411 0.0247054 0.742362
0 0.249822 0.572733 0.022311 0.0217063 0.742284
0 0.394721 0.530447 0.0206607 0.020482 0.738854
0 0.218937 0.361007 0.0229965 0.0234901 0.73735
0 0.268317 0.500746 0.0210113 0.0191338 0.736222
0 0.229313 0.749149 0.023932 0.0248984 0.73463
0 0.268801 0.328481 0.0189344 0.0204151 0.724928
0 0.198295 0.273667 0.0213096 0.0214068 0.723254
0 0.255464 0.453332 0.0224322 0.0209781 0.720538
0 0.528648 0.459972 0.0193586 0.0210196 0.714106
0 0.3754 0.695209 0.0251273 0.0238316 0.712227
0 0.145487 0.446133 0.0190835 0.0185838 0.712142
0 0.630848 0.341316 0.0201163 0.0185761 0.711826
0 0.625834 0.435577 0.0221524 0.0223064 0.710153
0 0.611757 0.518433 0.021505 0.0205099 0.70702
0 0.386378 0.475484 0.0218834 0.0213326 0.705321
0 0.349513 0.300053 0.0194275 0.0190418 0.704312
0 0.300918 0.354546 0.0183184 0.0178645 0.702489
0 0.582664 0.496642 0.0225784 0.0215714 0.701524
0 0.365895 0.512787 0.0213782 0.0219835 0.699772
0 0.715314 0.822323 0.0225307 0.022983 0.698759
0 0.623867 0.593244 0.0181473 0.0174053 0.697722
0 0.299395 0.260235 0.0217789 0.0220115 0.697682
0 0.643298 0.616124 0.0207439 0.0207267 0.697394
0 0.20852 0.514626 0.0214063 0.0191031 0.693502
0 0.267805 0.821263 0.0238848 0.0233623 0.691514
0 0.862491 0.514993 0.0237772 0.0212373 0.690193
0 0.413346 0.311083 0.0227839 0.0247106 0.67848
0 0.573688 0.737329 0.0205215 0.0220672 0.677642
0 0.809473 0.373479 0.0220982 0.0233553 0.677042
0 0.274134 0.477796 0.0213363 0.0193713 0.673926
0 0.806062 0.335573 0.018553 0.0278973 0.673801
0 0.595193 0.632106 0.0214869 0.0201399 0.671493
0 0.492023 0.659823 0.0301686 0.0295781 0.652651
0 0.259867 0.415886 0.0248433 0.0210983 0.648606
0 0.410468 0.559118 0.0245214 0.0241755 0.640596
0 0.648692 0.571599 0.0200954 0.0198518 0.633618
0 0.224668 0.276554 0.0220659 0.0221812 0.624736
0 0.713064 0.207917 0.0225086 0.0349675 0.609019
0 0.307147 0.334671 0.0199931 0.0175671 0.599135
0 0.611537 0.610278 0.0179973 0.0163239 0.584259
0 0.134311 0.426989 0.021694 0.0171127 0.556492
0 0.788755 0.75945 0.0414091 0.0239823 0.549129
0 0.770915 0.751598 0.0269793 0.0295658 0.529795
0 0.78503 0.755106 0.0503581 0.0330777 0.499823
0 0.797306 0.41137 0.0218991 0.0206611 0.494117
0 0.540339 0.22533 0.0271107 0.0175421 0.488968
0 0.772037 0.48379 0.0245667 0.0255383 0.469062
0 0.634553 0.360026 0.0210901 0.0205316 0.454624
0 0.769957 0.232094 0.0240057 0.0228538 0.428466
0 0.627499 0.30042 0.0251854 0.0236725 0.428184
0 0.779238 0.242729 0.0261789 0.0234487 0.323976
0 0.734995 0.76301 0.0296923 0.0249316 0.307944
0 0.161372 0.689526 0.0179502 0.0186672 0.303129
0 0.808486 0.358144 0.0185755 0.0186263 0.292456
0 0.408895 0.223198 0.0293528 0.0237161 0.255411
0 0.393647 0.550864 0.0222539 0.0253456 0.25354
0 0.290582 0.336256 0.0180223 0.0188377 0.250045
0 0.308496 0.341382 0.0186374 0.0212935 0.22479
0 0.284523 0.332458 0.0179782 0.0175135 0.210721
0 0.126617 0.450706 0.0177557 0.0151432 0.207358
0 0.775239 0.237626 0.0313108 0.0302933 0.203575
0 0.881198 0.535659 0.0259972 0.0244381 0.195291
0 0.628603 0.609026 0.0159468 0.0158234 0.192321
0 0.827195 0.409571 0.0228844 0.0221036 0.191204
0 0.124051 0.448284 0.0186516 0.0178484 0.183828
0 0.158987 0.667191 0.0254057 0.0219245 0.180504
0 0.684855 0.785449 0.0200897 0.0164629 0.170274
0 0.277327 0.496974 0.0163383 0.017872 0.162021
0 0.610068 0.608486 0.0196543 0.0169256 0.152209
0 0.414208 0.224078 0.0318678 0.0260703 0.147609
0 0.429131 0.224734 0.0274649 0.0218447 0.144079
0 0.550625 0.225345 0.044009 0.018616 0.143259
0 0.556992 0.224557 0.0318827 0.0202731 0.140765
0 0.315852 0.350387 0.0179143 0.0188129 0.137521
0 0.814892 0.392199 0.0184856 0.0186019 0.129924
0 0.695513 0.784618 0.0408694 0.0189306 0.123428
0 0.728853 0.794224 0.0151862 0.0160858 0.115105
0 0.210014 0.518428 0.024007 0.0206391 0.111169
0 0.275952 0.504257 0.0182355 0.0178389 0.10491
