0 0.66183 0.494078 0.0222951 0.0215416 0.805071 F6
0 0.209718 0.498133 0.0211124 0.0217867 0.763883 F7
0 0.445545 0.583697 0.0201929 0.0202785 0.755405 F8
0 0.740377 0.372239 0.0247889 0.0226708 0.771031 F9
0 0.489754 0.18444 0.0206968 0.0210192 0.740881 F10
0 0.442651 0.235674 0.0211346 0.0214363 0.716914 F11
0 0.74547 0.746516 0.0250582 0.0224982 0.751328 F12
0 0.295083 0.425283 0.0201731 0.0207756 0.79603 G1
0 0.589499 0.485668 0.0240858 0.023654 0.707823 G2
0 0.29305 0.475849 0.0223478 0.0215528 0.700929 G3
0 0.60071 0.775839 0.0221466 0.0212496 0.815969 G4
0 0.267633 0.621814 0.0196814 0.0200302 0.782698 G5
0 0.289499 0.709495 0.0213457 0.0205841 0.723298 G6
0 0.489707 0.416137 0.0214567 0.0198498 0.7976 G7
0 0.789995 0.483834 0.0237604 0.0221054 0.766403 G8
0 0.484918 0.314657 0.0235088 0.0212348 0.750293 G9
0 0.465197 0.158399 0.0217157 0.0225569 0.758355 G10
0 0.643363 0.362758 0.0226369 0.022982 0.729578 G11
0 0.39486 0.715832 0.0188798 0.019339 0.848812 G12
0 0.459458 0.481304 0.0213285 0.0207168 0.727086 H1
0 0.341454 0.617192 0.0220089 0.0209824 0.828888 H2
0 0.68596 0.809176 0.022563 0.021909 0.768474 H3
0 0.699332 0.722973 0.0209406 0.0207741 0.724931 H4
0 0.220378 0.567727 0.020156 0.02031 0.809728 H5
0 0.352193 0.775416 0.0224342 0.0213828 0.776311 H6
