0 0.267805 0.821263 0.0238848 0.0233623 0.691514 D1
0 0.144354 0.328464 0.0192626 0.0226693 0.834987 D2
0 0.648692 0.571599 0.0200956 0.0198518 0.633618 D3
0 0.704916 0.552983 0.0216917 0.0206984 0.770341 D4
0 0.299395 0.260235 0.0217789 0.0220115 0.697682 D5
0 0.707539 0.427902 0.0205997 0.0209128 0.803231 D6
0 0.308418 0.644941 0.0239735 0.0238678 0.752283 D7
0 0.492023 0.659823 0.0301686 0.0295781 0.652651 D8
0 0.413346 0.311083 0.0227839 0.0247106 0.678479 D9
0 0.625834 0.435577 0.0221524 0.0223065 0.710153 D10
0 0.403105 0.402559 0.0224062 0.022313 0.74493 D11
0 0.282761 0.537189 0.0195673 0.0200186 0.794136 D12
0 0.556936 0.629725 0.0221069 0.022076 0.866129 E1
0 0.713064 0.207917 0.0225086 0.0349675 0.60902 E2
0 0.490756 0.284197 0.0232353 0.0221878 0.759999 E3
0 0.263205 0.6044 0.0227281 0.0222437 0.818329 E4
0 0.158731 0.549459 0.023411 0.0247053 0.742362 E5
0 0.368795 0.272377 0.0228541 0.0219491 0.813073 E6
0 0.582664 0.496642 0.0225784 0.0215714 0.701524 E7
0 0.753579 0.390888 0.0217028 0.021249 0.809786 E8
0 0.386378 0.475484 0.0218834 0.0213326 0.70532 E9
0 0.255464 0.453332 0.0224322 0.0209781 0.720538 E10
0 0.146584 0.49184 0.022047 0.0219826 0.772083 E11
0 0.534411 0.304065 0.0216369 0.0205266 0.786929 E12
0 0.218937 0.361007 0.0229965 0.0234901 0.737349 F1
0 0.57293 0.35317 0.0223335 0.0200501 0.762716 F2
0 0.229313 0.749149 0.023932 0.0248984 0.73463 F3
0 0.633826 0.669209 0.0225996 0.0225832 0.745919 F4
0 0.508388 0.566459 0.0227785 0.0217314 0.788348 F5
