0 0.763739 0.441507 0.0237187 0.023329
0 0.73776 0.32782 0.0242384 0.0257499
0 0.674919 0.680588 0.0236237 0.0239286
0 0.400436 0.220129 0.0249978 0.0264558
0 0.653509 0.472971 0.0253387 0.0254809
0 0.642474 0.734169 0.0243404 0.0259697
0 0.411813 0.277065 0.0247864 0.0260558
0 0.291046 0.355251 0.0244002 0.0243299
0 0.195827 0.415735 0.0262752 0.0255198
0 0.191516 0.32236 0.0290227 0.031512
0 0.326371 0.483125 0.0243259 0.0254562
0 0.59114 0.765368 0.0259885 0.0256424
0 0.374909 0.70222 0.026674 0.0285815
0 0.332219 0.588149 0.0239152 0.0276823
0 0.624661 0.879058 0.0374104 0.0319199
0 0.573125 0.872168 0.0364353 0.0346188
0 0.622821 0.864073 0.0348318 0.0355391
0 0.624533 0.873044 0.0374744 0.0331152
0 0.612114 0.776892 0.0337334 0.0248425
0 0.122394 0.338175 0.0217525 0.0221647
0 0.538106 0.873721 0.0457975 0.0478025
0 0.314008 0.218831 0.0287043 0.0308763
0 0.650556 0.472284 0.0320807 0.030353
